Deco Hop_mean,Deco Hop_med,Deco Hop_min,Deco Hop_max,Deco Hop_std,total_mean,total_med,total_min,total_max,total_std,objective_calls,n_replaced,timestamps,n_failed_obj_computation,n_not_improvers_among_success_obj_computation,n_discarded_tabu,n_discarded_filters,n_discarded_rdfilters,n_discarded_sillywalks,n_discarded_sascore,n_discarded_custom_filter
0.3333333333333333,0.3333333333333333,0.3333333333333333,0.3333333333333333,0.0,0.3333333333333333,0.3333333333333333,0.3333333333333333,0.3333333333333333,0.0,0,0,0.0011181831359863281,0,0,0,0,0,0,0,0
0.3333333333333333,0.3333333333333333,0.3333333333333333,0.3333333333333333,0.0,0.3333333333333333,0.3333333333333333,0.3333333333333333,0.3333333333333333,0.0,1,1,0.002836465835571289,0,0,2,0,0,0,0,0
0.3333333333333333,0.3333333333333333,0.3333333333333333,0.3333333333333333,0.0,0.3333333333333333,0.3333333333333333,0.3333333333333333,0.3333333333333333,0.0,3,2,0.010088920593261719,0,0,6,0,0,0,0,0
0.3333333333333333,0.3333333333333333,0.3333333333333333,0.3333333333333333,0.0,0.3333333333333333,0.3333333333333333,0.3333333333333333,0.3333333333333333,0.0,7,4,0.02033233642578125,0,0,13,0,0,0,0,0
0.3333333333333333,0.3333333333333333,0.3333333333333333,0.3333333333333333,0.0,0.3333333333333333,0.3333333333333333,0.3333333333333333,0.3333333333333333,0.0,15,8,0.047365665435791016,0,0,47,0,0,0,0,0
0.33333333333333337,0.3333333333333333,0.3333333333333333,0.3333333333333333,5.551115123125783e-17,0.33333333333333337,0.3333333333333333,0.3333333333333333,0.3333333333333333,5.551115123125783e-17,25,10,0.07670164108276367,0,0,43,0,0,0,0,0
0.33337024119286207,0.3333333333333333,0.3333333333333333,0.33466201627636605,0.00021834984159514585,0.33337024119286207,0.3333333333333333,0.3333333333333333,0.33466201627636605,0.00021834984159514585,35,10,0.11906909942626953,0,0,75,0,0,0,0,0
0.333376659951041,0.3333333333333333,0.3333333333333333,0.33466201627636605,0.00021469882580993742,0.333376659951041,0.3333333333333333,0.3333333333333333,0.33466201627636605,0.00021469882580993742,45,10,0.14078855514526367,0,0,16,0,0,0,0,0
0.33344017364226985,0.3333333333333333,0.3333333333333333,0.33466201627636605,0.00032695329657614363,0.33344017364226985,0.3333333333333333,0.3333333333333333,0.33466201627636605,0.00032695329657614363,55,10,0.16731643676757812,0,0,16,0,0,0,0,0
0.33350463268463904,0.3333333333333333,0.3333333333333333,0.33466600033316674,0.00042232537839139345,0.33350463268463904,0.3333333333333333,0.3333333333333333,0.33466600033316674,0.00042232537839139345,65,10,0.20406270027160645,0,0,39,0,0,0,0,0
0.33364765105280875,0.3333333333333333,0.3333333333333333,0.33859303090072324,0.0007536844388903859,0.33364765105280875,0.3333333333333333,0.3333333333333333,0.33859303090072324,0.0007536844388903859,75,10,0.2310633659362793,0,0,2,0,0,0,0,0
0.3337724010305625,0.3333333333333333,0.3333333333333333,0.33859303090072324,0.000880173882803509,0.3337724010305625,0.3333333333333333,0.3333333333333333,0.33859303090072324,0.000880173882803509,85,10,0.2566235065460205,0,0,0,0,0,0,0,0
0.33389633436875993,0.3333333333333333,0.3333333333333333,0.34033747214262977,0.0010988438310192317,0.33389633436875993,0.3333333333333333,0.3333333333333333,0.34033747214262977,0.0010988438310192317,95,10,0.29791975021362305,0,0,9,0,0,0,0,0
0.33398098232166706,0.3333333333333333,0.3333333333333333,0.34033747214262977,0.0011444268436620138,0.33398098232166706,0.3333333333333333,0.3333333333333333,0.34033747214262977,0.0011444268436620138,105,10,0.32618093490600586,0,0,2,0,0,0,0,0
0.334128972579902,0.3333333333333333,0.3333333333333333,0.34033747214262977,0.0013051204623841207,0.334128972579902,0.3333333333333333,0.3333333333333333,0.34033747214262977,0.0013051204623841207,115,10,0.35071706771850586,0,0,0,0,0,0,0,0
0.33438144295123645,0.3333333333333333,0.3333333333333333,0.3408876298394712,0.0016084856931397713,0.33438144295123645,0.3333333333333333,0.3333333333333333,0.3408876298394712,0.0016084856931397713,125,10,0.3785252571105957,0,0,0,0,0,0,0,0
0.3345790142090689,0.3339976748048497,0.3333333333333333,0.3408876298394712,0.0017727779940770237,0.3345790142090689,0.3339976748048497,0.3333333333333333,0.3408876298394712,0.0017727779940770237,135,10,0.4077591896057129,0,0,0,0,0,0,0,0
0.33482359067012246,0.33399916808063035,0.3333333333333333,0.3408876298394712,0.0019706565118310913,0.33482359067012246,0.33399916808063035,0.3333333333333333,0.3408876298394712,0.0019706565118310913,145,10,0.4449641704559326,0,0,0,0,0,0,0,0
0.33503348106734004,0.33399966683325005,0.3333333333333333,0.3408876298394712,0.0021358373342354087,0.33503348106734004,0.33399966683325005,0.3333333333333333,0.3408876298394712,0.0021358373342354087,155,10,0.47910070419311523,0,0,0,0,0,0,0,0
0.3352760855621872,0.33464534716805927,0.3333333333333333,0.34295334295334295,0.002332006560049624,0.3352760855621872,0.33464534716805927,0.3333333333333333,0.34295334295334295,0.002332006560049624,165,10,0.5189552307128906,0,0,0,0,0,0,0,0
0.3354952765807367,0.3346590445685136,0.3333333333333333,0.34295334295334295,0.002459389806781462,0.3354952765807367,0.3346590445685136,0.3333333333333333,0.34295334295334295,0.002459389806781462,175,10,0.5564463138580322,0,0,0,0,0,0,0,0
0.33569145174177123,0.33466201627636605,0.3333333333333333,0.34295334295334295,0.0025662869330673244,0.33569145174177123,0.33466201627636605,0.3333333333333333,0.34295334295334295,0.0025662869330673244,185,10,0.593630313873291,0,0,2,0,0,0,0,0
0.33590992041432766,0.334663010799527,0.3333333333333333,0.3456609894566099,0.002769278558378646,0.33590992041432766,0.334663010799527,0.3333333333333333,0.3456609894566099,0.002769278558378646,195,10,0.6282644271850586,0,0,0,0,0,0,0,0
0.3361163345770146,0.33466600033316674,0.3333333333333333,0.3459972862957938,0.0029055704189600894,0.3361163345770146,0.33466600033316674,0.3333333333333333,0.3459972862957938,0.0029055704189600894,205,10,0.6789700984954834,0,0,0,0,0,0,0,0
0.3363630687665942,0.33497718393979936,0.3333333333333333,0.3459972862957938,0.0031200424348350225,0.3363630687665942,0.33497718393979936,0.3333333333333333,0.3459972862957938,0.0031200424348350225,215,10,0.7263555526733398,0,0,0,0,0,0,0,0
0.3365843514459479,0.3353308375752243,0.3333333333333333,0.34674329501915707,0.0033040336526857146,0.3365843514459479,0.3353308375752243,0.3333333333333333,0.34674329501915707,0.0033040336526857146,225,10,0.7769787311553955,0,0,0,0,0,0,0,0
0.33693054958419527,0.33595349360334303,0.3333333333333333,0.35059331175836034,0.0037000787629774966,0.33693054958419527,0.33595349360334303,0.3333333333333333,0.35059331175836034,0.0037000787629774966,235,10,0.8185384273529053,0,0,0,0,0,0,0,0
0.3371560420696576,0.33653804416590244,0.3333333333333333,0.35059331175836034,0.003853975211518921,0.3371560420696576,0.33653804416590244,0.3333333333333333,0.35059331175836034,0.003853975211518921,245,10,0.8622441291809082,0,0,0,0,0,0,0,0
0.3375174402943868,0.33692407527579493,0.3333333333333333,0.35139493630059665,0.004238369858669173,0.3375174402943868,0.33692407527579493,0.3333333333333333,0.35139493630059665,0.004238369858669173,255,10,0.908900260925293,0,0,0,0,0,0,0,0
0.33781481380389305,0.33726081376642625,0.3333333333333333,0.35139493630059665,0.004508081856929011,0.33781481380389305,0.33726081376642625,0.3333333333333333,0.35139493630059665,0.004508081856929011,265,10,0.9577505588531494,0,0,0,0,0,0,0,0
0.33810908645139237,0.3373134417021795,0.3333333333333333,0.35339717282261746,0.004756701729775128,0.33810908645139237,0.3373134417021795,0.3333333333333333,0.35339717282261746,0.004756701729775128,275,10,1.0144150257110596,0,0,0,0,0,0,0,0
0.338438207413645,0.33775568621904317,0.3333333333333333,0.35339717282261746,0.005030989576738307,0.338438207413645,0.33775568621904317,0.3333333333333333,0.35339717282261746,0.005030989576738307,285,10,1.0682144165039062,0,0,0,0,0,0,0,0
0.3386977190651716,0.3379186138058503,0.3333333333333333,0.35455510080339553,0.005220800975215457,0.3386977190651716,0.3379186138058503,0.3333333333333333,0.35455510080339553,0.005220800975215457,295,10,1.132978916168213,0,0,0,0,0,0,0,0
0.33892259648676304,0.33795952341643276,0.3333333333333333,0.35455510080339553,0.005313300537622453,0.33892259648676304,0.33795952341643276,0.3333333333333333,0.35455510080339553,0.005313300537622453,305,10,1.195251703262329,0,0,0,0,0,0,0,0
0.33922637393268595,0.3383802768028204,0.3333333333333333,0.3553143010320332,0.005534146181084215,0.33922637393268595,0.3383802768028204,0.3333333333333333,0.3553143010320332,0.005534146181084215,315,10,1.259922981262207,0,0,0,0,0,0,0,0
0.3395366679563421,0.3385012919896641,0.3333333333333333,0.35535274518325366,0.005744515648773944,0.3395366679563421,0.3385012919896641,0.3333333333333333,0.35535274518325366,0.005744515648773944,325,10,1.3246486186981201,0,0,0,0,0,0,0,0
0.3398191064420248,0.33853152508077644,0.3333333333333333,0.35535274518325366,0.005909018981105174,0.3398191064420248,0.33853152508077644,0.3333333333333333,0.35535274518325366,0.005909018981105174,335,10,1.4152426719665527,0,0,0,0,0,0,0,0
0.3401009977849321,0.338569803535967,0.3333333333333333,0.35633255633255634,0.006101153174863408,0.3401009977849321,0.338569803535967,0.3333333333333333,0.35633255633255634,0.006101153174863408,345,10,1.4980366230010986,0,0,0,0,0,0,0,0
0.34036575959328064,0.3387034180289523,0.3333333333333333,0.35633255633255634,0.006255950893562649,0.34036575959328064,0.3387034180289523,0.3333333333333333,0.35633255633255634,0.006255950893562649,355,10,1.5730247497558594,0,0,1,0,0,0,0,0
0.34056789951280014,0.3390722142515543,0.3333333333333333,0.35752944921999363,0.006354349402923206,0.34056789951280014,0.3390722142515543,0.3333333333333333,0.35752944921999363,0.006354349402923206,365,10,1.6590039730072021,0,0,0,0,0,0,0,0
0.3408485983611948,0.33921569899588877,0.3333333333333333,0.35752944921999363,0.006560562644431606,0.3408485983611948,0.33921569899588877,0.3333333333333333,0.35752944921999363,0.006560562644431606,375,10,1.7257370948791504,0,0,0,0,0,0,0,0
0.3411127132193732,0.3396562637372521,0.3333333333333333,0.3610742216319906,0.006763499957373021,0.3411127132193732,0.3396562637372521,0.3333333333333333,0.3610742216319906,0.006763499957373021,385,10,1.8111002445220947,0,0,1,0,0,0,0,0
0.34135056806407477,0.3399767628921262,0.3333333333333333,0.3610742216319906,0.006869701598365974,0.34135056806407477,0.3399767628921262,0.3333333333333333,0.3610742216319906,0.006869701598365974,395,10,1.8980095386505127,0,0,2,0,0,0,0,0
0.34163911926874124,0.34033747214262977,0.3333333333333333,0.3610742216319906,0.007072672109636931,0.34163911926874124,0.34033747214262977,0.3333333333333333,0.3610742216319906,0.007072672109636931,405,10,1.971358299255371,0,0,1,0,0,0,0,0
0.34185808368565396,0.34036770583533177,0.3333333333333333,0.3610742216319906,0.007158334404995512,0.34185808368565396,0.34036770583533177,0.3333333333333333,0.3610742216319906,0.007158334404995512,415,10,2.0437779426574707,0,0,0,0,0,0,0,0
0.3421099911785048,0.34059408787669654,0.3333333333333333,0.3610742216319906,0.00730127197118468,0.3421099911785048,0.34059408787669654,0.3333333333333333,0.3610742216319906,0.00730127197118468,425,10,2.117806911468506,0,0,0,0,0,0,0,0
0.34239804803994267,0.3408588082262952,0.3333333333333333,0.36341705690364695,0.007517950049672033,0.34239804803994267,0.3408588082262952,0.3333333333333333,0.36341705690364695,0.007517950049672033,435,10,2.1983680725097656,0,0,2,0,0,0,0,0
0.3426373764997733,0.34117647058823525,0.3333333333333333,0.36341705690364695,0.007622763604804754,0.3426373764997733,0.34117647058823525,0.3333333333333333,0.36341705690364695,0.007622763604804754,445,10,2.2885472774505615,0,0,0,0,0,0,0,0
0.34288079524382437,0.34156968999074266,0.3333333333333333,0.3667539593465519,0.007778353647762935,0.34288079524382437,0.34156968999074266,0.3333333333333333,0.3667539593465519,0.007778353647762935,455,10,2.375405788421631,0,0,0,0,0,0,0,0
0.34317666212406484,0.3416229815653447,0.3333333333333333,0.3667539593465519,0.007993489670790546,0.34317666212406484,0.3416229815653447,0.3333333333333333,0.3667539593465519,0.007993489670790546,465,10,2.4672138690948486,0,0,0,0,0,0,0,0
0.34341862799596656,0.34185312210789914,0.3333333333333333,0.3667539593465519,0.00814224946992888,0.34341862799596656,0.34185312210789914,0.3333333333333333,0.3667539593465519,0.00814224946992888,475,10,2.5676896572113037,0,0,0,0,0,0,0,0
