Celecoxib rediscovery_mean,Celecoxib rediscovery_med,Celecoxib rediscovery_min,Celecoxib rediscovery_max,Celecoxib rediscovery_std,total_mean,total_med,total_min,total_max,total_std,objective_calls,n_replaced,timestamps
0.0,0.0,0.0,0.0,0.0,0.0,0.0,0.0,0.0,0.0,1,0,0.0008263587951660156
0.0,0.0,0.0,0.0,0.0,0.0,0.0,0.0,0.0,0.0,2,1,0.002149820327758789
0.006944444444444444,0.0,0.0,0.027777777777777776,0.012028130608117204,0.006944444444444444,0.0,0.0,0.027777777777777776,0.012028130608117204,4,2,0.00873255729675293
0.010230213089802131,0.00684931506849315,0.0,0.027777777777777776,0.01129581175558304,0.010230213089802131,0.00684931506849315,0.0,0.027777777777777776,0.01129581175558304,8,4,0.013167381286621094
0.0092861637981501,0.00684931506849315,0.0,0.027777777777777776,0.010303868127064651,0.0092861637981501,0.00684931506849315,0.0,0.027777777777777776,0.010303868127064651,16,8,0.0263979434967041
0.009258152849190507,0.006578947368421052,0.0,0.03896103896103896,0.010874985306928823,0.009258152849190507,0.006578947368421052,0.0,0.03896103896103896,0.010874985306928823,26,10,0.038543701171875
0.011061590866827254,0.013157894736842105,0.0,0.03896103896103896,0.010886110883529514,0.011061590866827254,0.013157894736842105,0.0,0.03896103896103896,0.010886110883529514,36,10,0.05887889862060547
0.012288449839209127,0.013157894736842105,0.0,0.03896103896103896,0.010941730910546576,0.012288449839209127,0.013157894736842105,0.0,0.03896103896103896,0.010941730910546576,46,10,0.07421016693115234
0.014416807446689025,0.013157894736842105,0.0,0.05,0.012234933751579236,0.014416807446689025,0.013157894736842105,0.0,0.05,0.012234933751579236,56,10,0.08765649795532227
0.016652666879938664,0.013428262436914203,0.0,0.05,0.013329818671825398,0.016652666879938664,0.013428262436914203,0.0,0.05,0.013329818671825398,66,10,0.10477757453918457
0.018626776187752072,0.0136986301369863,0.0,0.05,0.014170620865371707,0.018626776187752072,0.0136986301369863,0.0,0.05,0.014170620865371707,76,10,0.1192774772644043
0.020455134835894985,0.0136986301369863,0.0,0.06172839506172839,0.015064445537851091,0.020455134835894985,0.0136986301369863,0.0,0.06172839506172839,0.015064445537851091,86,10,0.1333913803100586
0.022323588916661957,0.018477222045237336,0.0,0.06172839506172839,0.015890179190144144,0.022323588916661957,0.018477222045237336,0.0,0.06172839506172839,0.015890179190144144,96,10,0.1468660831451416
0.023966451630387117,0.023809523809523808,0.0,0.06172839506172839,0.016327006300354923,0.023966451630387117,0.023809523809523808,0.0,0.06172839506172839,0.016327006300354923,106,10,0.1612098217010498
0.024707651846335856,0.024099883855981417,0.0,0.06172839506172839,0.01642723801982267,0.024707651846335856,0.024099883855981417,0.0,0.06172839506172839,0.01642723801982267,116,10,0.17780184745788574
0.026454059846617178,0.025,0.0,0.06329113924050633,0.01711982827455292,0.026454059846617178,0.025,0.0,0.06329113924050633,0.01711982827455292,126,10,0.1939859390258789
0.02789018768407008,0.02564102564102564,0.0,0.06329113924050633,0.01760937096122285,0.02789018768407008,0.02564102564102564,0.0,0.06329113924050633,0.01760937096122285,136,10,0.2099618911743164
0.02966274343850995,0.02649122807017544,0.0,0.06976744186046512,0.018521669707907563,0.02966274343850995,0.02649122807017544,0.0,0.06976744186046512,0.018521669707907563,146,10,0.22696423530578613
0.031135174019106832,0.031330749354005163,0.0,0.06976744186046512,0.018935713278035334,0.031135174019106832,0.031330749354005163,0.0,0.06976744186046512,0.018935713278035334,156,10,0.24179434776306152
0.03204703528382916,0.03529411764705882,0.0,0.06976744186046512,0.019151133686755053,0.03204703528382916,0.03529411764705882,0.0,0.06976744186046512,0.019151133686755053,166,10,0.25652027130126953
0.03308106743117231,0.03571934798015591,0.0,0.07317073170731707,0.019472890745176955,0.03308106743117231,0.03571934798015591,0.0,0.07317073170731707,0.019472890745176955,176,10,0.27467870712280273
0.03403411544752213,0.03614457831325301,0.0,0.07317073170731707,0.019625057451775115,0.03403411544752213,0.03614457831325301,0.0,0.07317073170731707,0.019625057451775115,186,10,0.29198384284973145
0.03543580082544672,0.037037037037037035,0.0,0.1095890410958904,0.02048299691766922,0.03543580082544672,0.037037037037037035,0.0,0.1095890410958904,0.02048299691766922,196,10,0.30438232421875
0.036594215233565125,0.037037037037037035,0.0,0.1095890410958904,0.02083271349230807,0.036594215233565125,0.037037037037037035,0.0,0.1095890410958904,0.02083271349230807,206,10,0.3212893009185791
0.03819311745364042,0.0379746835443038,0.0,0.1095890410958904,0.021876824787268975,0.03819311745364042,0.0379746835443038,0.0,0.1095890410958904,0.021876824787268975,216,10,0.3351325988769531
0.03965528082543431,0.0379746835443038,0.0,0.1095890410958904,0.022896105484940667,0.03965528082543431,0.0379746835443038,0.0,0.1095890410958904,0.022896105484940667,226,10,0.3547089099884033
0.04064637852614464,0.0379746835443038,0.0,0.11688311688311688,0.023628023699262375,0.04064637852614464,0.0379746835443038,0.0,0.11688311688311688,0.023628023699262375,236,10,0.3685634136199951
0.04206584358177238,0.0379746835443038,0.0,0.11688311688311688,0.024720284841812698,0.04206584358177238,0.0379746835443038,0.0,0.11688311688311688,0.024720284841812698,246,10,0.3833613395690918
0.04347069800308241,0.03896103896103896,0.0,0.12345679012345678,0.02580398526699543,0.04347069800308241,0.03896103896103896,0.0,0.12345679012345678,0.02580398526699543,256,10,0.3961062431335449
0.04499657358876546,0.04220875221762271,0.0,0.1282051282051282,0.026873769209448575,0.04499657358876546,0.04220875221762271,0.0,0.1282051282051282,0.026873769209448575,266,10,0.4243893623352051
0.046186605832651655,0.045715778474399164,0.0,0.1282051282051282,0.027552422686187607,0.046186605832651655,0.045715778474399164,0.0,0.1282051282051282,0.027552422686187607,276,10,0.44580674171447754
0.04712398998440077,0.046785225718194254,0.0,0.1282051282051282,0.028095318325180665,0.04712398998440077,0.046785225718194254,0.0,0.1282051282051282,0.028095318325180665,286,10,0.45965147018432617
0.048680382108790984,0.047058823529411764,0.0,0.1282051282051282,0.029427721753040318,0.048680382108790984,0.047058823529411764,0.0,0.1282051282051282,0.029427721753040318,296,10,0.48444628715515137
0.05037006957008429,0.047619047619047616,0.0,0.1282051282051282,0.03063658774684215,0.05037006957008429,0.047619047619047616,0.0,0.1282051282051282,0.03063658774684215,306,10,0.5010390281677246
0.05128002464563791,0.047619047619047616,0.0,0.1518987341772152,0.031319506488315794,0.05128002464563791,0.047619047619047616,0.0,0.1518987341772152,0.031319506488315794,316,10,0.5185806751251221
0.05301707235346088,0.04878048780487805,0.0,0.1518987341772152,0.03255564219091544,0.05301707235346088,0.04878048780487805,0.0,0.1518987341772152,0.03255564219091544,326,10,0.5359785556793213
0.05456214595858134,0.04908160192713038,0.0,0.15476190476190477,0.03356605848888229,0.05456214595858134,0.04908160192713038,0.0,0.15476190476190477,0.03356605848888229,336,10,0.5579726696014404
0.055263203824089537,0.05,0.0,0.15476190476190477,0.0334652337574133,0.055263203824089537,0.05,0.0,0.15476190476190477,0.0334652337574133,346,10,0.5765738487243652
0.05673561372694267,0.05,0.0,0.15476190476190477,0.03433610004144952,0.05673561372694267,0.05,0.0,0.15476190476190477,0.03433610004144952,356,10,0.594987154006958
0.05734196540310355,0.05,0.0,0.15476190476190477,0.034546115311606514,0.05734196540310355,0.05,0.0,0.15476190476190477,0.034546115311606514,366,10,0.6155767440795898
0.05844852505995695,0.05381944444444445,0.0,0.15476190476190477,0.03506072989578571,0.05844852505995695,0.05381944444444445,0.0,0.15476190476190477,0.03506072989578571,376,10,0.6364109516143799
0.05943960828425883,0.05714472309299895,0.0,0.15476190476190477,0.03526846305307967,0.05943960828425883,0.05714472309299895,0.0,0.15476190476190477,0.03526846305307967,386,10,0.6559555530548096
0.061289725086044855,0.05747126436781609,0.0,0.15476190476190477,0.03674332954672947,0.061289725086044855,0.05747126436781609,0.0,0.15476190476190477,0.03674332954672947,396,10,0.6743791103363037
0.06258470424476889,0.05747126436781609,0.0,0.15476190476190477,0.03764377273092556,0.06258470424476889,0.05747126436781609,0.0,0.15476190476190477,0.03764377273092556,406,10,0.6933674812316895
0.06363518584592931,0.05813953488372093,0.0,0.1566265060240964,0.037981345629718055,0.06363518584592931,0.05813953488372093,0.0,0.1566265060240964,0.037981345629718055,416,10,0.7130539417266846
0.06484776231892583,0.058823529411764705,0.0,0.16279069767441862,0.03859028653921341,0.06484776231892583,0.058823529411764705,0.0,0.16279069767441862,0.03859028653921341,426,10,0.7296597957611084
0.06592662279651072,0.060240963855421686,0.0,0.16279069767441862,0.039017009663513756,0.06592662279651072,0.060240963855421686,0.0,0.16279069767441862,0.039017009663513756,436,10,0.7504003047943115
0.06703805246381393,0.060240963855421686,0.0,0.16666666666666666,0.03955299687417946,0.06703805246381393,0.060240963855421686,0.0,0.16666666666666666,0.03955299687417946,446,10,0.768014669418335
0.06829779553817017,0.06098467945857504,0.0,0.17721518987341772,0.04030503141804252,0.06829779553817017,0.06098467945857504,0.0,0.17721518987341772,0.04030503141804252,456,10,0.7892844676971436
0.06940203237413056,0.06172839506172839,0.0,0.17721518987341772,0.040866532058160196,0.06940203237413056,0.06172839506172839,0.0,0.17721518987341772,0.040866532058160196,466,10,0.8122014999389648
0.07040569119644485,0.06329113924050633,0.0,0.17721518987341772,0.04116122712924105,0.07040569119644485,0.06329113924050633,0.0,0.17721518987341772,0.04116122712924105,476,10,0.8324995040893555
0.07119154975264248,0.06329113924050633,0.0,0.17721518987341772,0.041298177838831884,0.07119154975264248,0.06329113924050633,0.0,0.17721518987341772,0.041298177838831884,486,10,0.8597362041473389
0.07227103829050978,0.06578947368421052,0.0,0.17721518987341772,0.041695542666261166,0.07227103829050978,0.06578947368421052,0.0,0.17721518987341772,0.041695542666261166,496,10,0.8844137191772461
0.07321168280316276,0.06704119850187265,0.0,0.17721518987341772,0.04205132961480575,0.07321168280316276,0.06704119850187265,0.0,0.17721518987341772,0.04205132961480575,506,10,0.9067928791046143
0.0743288344855645,0.06818181818181818,0.0,0.17721518987341772,0.042558995087868826,0.0743288344855645,0.06818181818181818,0.0,0.17721518987341772,0.042558995087868826,516,10,0.9274766445159912
0.07517818814158263,0.06976744186046512,0.0,0.17721518987341772,0.042704200126859396,0.07517818814158263,0.06976744186046512,0.0,0.17721518987341772,0.042704200126859396,526,10,0.9473741054534912
0.07600515121823159,0.07142857142857142,0.0,0.17721518987341772,0.04283970565523222,0.07600515121823159,0.07142857142857142,0.0,0.17721518987341772,0.04283970565523222,536,10,0.9686868190765381
0.07694490198733914,0.07381940840685003,0.0,0.17721518987341772,0.04314746709760262,0.07694490198733914,0.07381940840685003,0.0,0.17721518987341772,0.04314746709760262,546,10,0.9900336265563965
0.077786915929517,0.07692307692307693,0.0,0.17721518987341772,0.04331642830686235,0.077786915929517,0.07692307692307693,0.0,0.17721518987341772,0.04331642830686235,556,10,1.0108187198638916
0.07860799322500651,0.07777777777777778,0.0,0.1797752808988764,0.04378376918265357,0.07860799322500651,0.07777777777777778,0.0,0.1797752808988764,0.04378376918265357,566,10,1.034646987915039
0.0792995911103747,0.07954545454545454,0.0,0.1797752808988764,0.04387086071843377,0.0792995911103747,0.07954545454545454,0.0,0.1797752808988764,0.04387086071843377,576,10,1.0586256980895996
0.08002562564067707,0.07977272727272727,0.0,0.1797752808988764,0.044033348097256474,0.08002562564067707,0.07977272727272727,0.0,0.1797752808988764,0.044033348097256474,586,10,1.0799493789672852
0.08090916366104373,0.08045977011494253,0.0,0.1797752808988764,0.04430329261547163,0.08090916366104373,0.08045977011494253,0.0,0.1797752808988764,0.04430329261547163,596,10,1.1016011238098145
0.08166779091237676,0.08235294117647059,0.0,0.18181818181818182,0.0446342729495739,0.08166779091237676,0.08235294117647059,0.0,0.18181818181818182,0.0446342729495739,606,10,1.125915288925171
0.08250130026126433,0.08333333333333333,0.0,0.18604651162790697,0.0449842412516336,0.08250130026126433,0.08333333333333333,0.0,0.18604651162790697,0.0449842412516336,616,10,1.1455461978912354
0.08300581859252446,0.08333333333333333,0.0,0.18604651162790697,0.045074654349623454,0.08300581859252446,0.08333333333333333,0.0,0.18604651162790697,0.045074654349623454,626,10,1.1729094982147217
0.0837710365152875,0.0837719298245614,0.0,0.18823529411764706,0.04535623842406858,0.0837710365152875,0.0837719298245614,0.0,0.18823529411764706,0.04535623842406858,636,10,1.2039709091186523
0.08447032201924833,0.08517942738696722,0.0,0.18823529411764706,0.04550596433752334,0.08447032201924833,0.08517942738696722,0.0,0.18823529411764706,0.04550596433752334,646,10,1.2293391227722168
0.08545495841933712,0.08641975308641975,0.0,0.18823529411764706,0.04595971003766577,0.08545495841933712,0.08641975308641975,0.0,0.18823529411764706,0.04595971003766577,656,10,1.250028371810913
0.08636993270186083,0.08641975308641975,0.0,0.18823529411764706,0.0463823053818728,0.08636993270186083,0.08641975308641975,0.0,0.18823529411764706,0.0463823053818728,666,10,1.2720849514007568
0.08709275370500509,0.08668813741277509,0.0,0.18823529411764706,0.046595267994216316,0.08709275370500509,0.08668813741277509,0.0,0.18823529411764706,0.046595267994216316,676,10,1.308239221572876
0.08768817478983545,0.08695652173913043,0.0,0.18823529411764706,0.046728493987039044,0.08768817478983545,0.08695652173913043,0.0,0.18823529411764706,0.046728493987039044,686,10,1.3360435962677002
0.08839806713597052,0.08825984142439838,0.0,0.18823529411764706,0.04695820421665762,0.08839806713597052,0.08825984142439838,0.0,0.18823529411764706,0.04695820421665762,696,10,1.3627185821533203
0.08908657584522137,0.08860759493670886,0.0,0.18823529411764706,0.047097013245250174,0.08908657584522137,0.08860759493670886,0.0,0.18823529411764706,0.047097013245250174,706,10,1.3905212879180908
0.08949656594838876,0.08888888888888889,0.0,0.18823529411764706,0.04701611699585568,0.08949656594838876,0.08888888888888889,0.0,0.18823529411764706,0.04701611699585568,716,10,1.4257583618164062
0.090106860895543,0.09090909090909091,0.0,0.18823529411764706,0.04710372666630079,0.090106860895543,0.09090909090909091,0.0,0.18823529411764706,0.04710372666630079,726,10,1.4548888206481934
0.09074203119729024,0.09090909090909091,0.0,0.18823529411764706,0.04723039991293765,0.09074203119729024,0.09090909090909091,0.0,0.18823529411764706,0.04723039991293765,736,10,1.4827420711517334
0.09154723138271073,0.09189537884119164,0.0,0.18823529411764706,0.04750022367579356,0.09154723138271073,0.09189537884119164,0.0,0.18823529411764706,0.04750022367579356,746,10,1.5054550170898438
0.09224645305898907,0.09338662790697674,0.0,0.18823529411764706,0.04767314915404286,0.09224645305898907,0.09338662790697674,0.0,0.18823529411764706,0.04767314915404286,756,10,1.5335915088653564
0.09293620157269056,0.09411764705882353,0.0,0.18823529411764706,0.04777205809242402,0.09293620157269056,0.09411764705882353,0.0,0.18823529411764706,0.04777205809242402,766,10,1.5568947792053223
0.09367917571007617,0.09411764705882353,0.0,0.18823529411764706,0.04799648626993938,0.09367917571007617,0.09411764705882353,0.0,0.18823529411764706,0.04799648626993938,776,10,1.5809245109558105
0.09410309640089698,0.09466571834992887,0.0,0.18823529411764706,0.047965655422493814,0.09410309640089698,0.09466571834992887,0.0,0.18823529411764706,0.047965655422493814,786,10,1.6141107082366943
0.09454629185189117,0.09523809523809523,0.0,0.18823529411764706,0.04794591965146052,0.09454629185189117,0.09523809523809523,0.0,0.18823529411764706,0.04794591965146052,796,10,1.6422009468078613
0.09503899139304207,0.09574468085106383,0.0,0.18823529411764706,0.048053551654283176,0.09503899139304207,0.09574468085106383,0.0,0.18823529411764706,0.048053551654283176,806,10,1.6675646305084229
0.0956365688705117,0.0963855421686747,0.0,0.18823529411764706,0.048164930459423314,0.0956365688705117,0.0963855421686747,0.0,0.18823529411764706,0.048164930459423314,816,10,1.6932494640350342
0.09615853798386025,0.0963855421686747,0.0,0.18823529411764706,0.04821745524300008,0.09615853798386025,0.0963855421686747,0.0,0.18823529411764706,0.04821745524300008,826,10,1.71962571144104
0.09674745557215401,0.0967741935483871,0.0,0.18823529411764706,0.04837032783052377,0.09674745557215401,0.0967741935483871,0.0,0.18823529411764706,0.04837032783052377,836,10,1.7426395416259766
0.09710020196733792,0.0971675845790716,0.0,0.18823529411764706,0.04839456879134755,0.09710020196733792,0.0971675845790716,0.0,0.18823529411764706,0.04839456879134755,846,10,1.7692079544067383
0.09777720629035443,0.0975609756097561,0.0,0.20689655172413793,0.04862911459144622,0.09777720629035443,0.0975609756097561,0.0,0.20689655172413793,0.04862911459144622,856,10,1.7982022762298584
0.09821879675184303,0.0975609756097561,0.0,0.20689655172413793,0.048638258726921894,0.09821879675184303,0.0975609756097561,0.0,0.20689655172413793,0.048638258726921894,866,10,1.8244566917419434
0.09860089266870836,0.09782608695652174,0.0,0.20689655172413793,0.04858295399398123,0.09860089266870836,0.09782608695652174,0.0,0.20689655172413793,0.04858295399398123,876,10,1.8530058860778809
0.0989056561780558,0.0989010989010989,0.0,0.20689655172413793,0.04850486912165542,0.0989056561780558,0.0989010989010989,0.0,0.20689655172413793,0.04850486912165542,886,10,1.8842175006866455
0.09941456029825847,0.1,0.0,0.20689655172413793,0.04859813912836835,0.09941456029825847,0.1,0.0,0.20689655172413793,0.04859813912836835,896,10,1.913456916809082
0.0998777659460194,0.10112359550561797,0.0,0.20689655172413793,0.04859820990039744,0.0998777659460194,0.10112359550561797,0.0,0.20689655172413793,0.04859820990039744,906,10,1.9378774166107178
0.10030482577474836,0.10112359550561797,0.0,0.20689655172413793,0.04864994648644544,0.10030482577474836,0.10112359550561797,0.0,0.20689655172413793,0.04864994648644544,916,10,1.9626221656799316
0.1006717085951862,0.10169816138917262,0.0,0.20689655172413793,0.048638175169845796,0.1006717085951862,0.10169816138917262,0.0,0.20689655172413793,0.048638175169845796,926,10,1.9857263565063477
0.1011515069794022,0.10227272727272728,0.0,0.20689655172413793,0.04870083571160856,0.1011515069794022,0.10227272727272728,0.0,0.20689655172413793,0.04870083571160856,936,10,2.010291576385498
0.10160397070420367,0.1032705296836118,0.0,0.20689655172413793,0.048748091796372496,0.10160397070420367,0.1032705296836118,0.0,0.20689655172413793,0.048748091796372496,946,10,2.0378050804138184
0.10205286135713874,0.10344827586206896,0.0,0.20689655172413793,0.048814617839037115,0.10205286135713874,0.10344827586206896,0.0,0.20689655172413793,0.048814617839037115,956,10,2.0673604011535645
0.1024387912379413,0.10465116279069768,0.0,0.20689655172413793,0.04890565974959745,0.1024387912379413,0.10465116279069768,0.0,0.20689655172413793,0.04890565974959745,966,10,2.096426486968994
0.10297121551550495,0.10495716034271727,0.0,0.20689655172413793,0.04908282557131728,0.10297121551550495,0.10495716034271727,0.0,0.20689655172413793,0.04908282557131728,976,10,2.124926805496216
